10.2
10.0
10.0
10.0
3.53
10.2
10.0
10.0
10.0
3.53
10.2
10.0
10.0
10.0
3.51
10.2
10.0
10.1
10.0
3.52
10.2
10.0
10.1
10.0
3.55
10.2
10.0
10.0
10.0
3.54
10.2
10.0
10.1
10.0
3.55
10.2
10.0
10.0
10.0
3.55
10.2
10.0
10.0
10.0
3.52
10.2
10.0
10.0
10.0
3.50
10.2
10.0
10.0
10.0
2.75
10.2
10.0
10.0
10.0
4.33
10.2
10.0
10.0
10.0
3.48
10.2
10.0
10.0
10.0
3.53
10.2
10.0
10.1
10.0
3.54
10.2
10.0
10.0
10.0
3.49
10.2
10.0
10.0
10.0
3.54
10.2
10.0
10.0
10.0
2.37
10.2
10.0
10.1
10.0
4.64
10.2
10.0
10.1
10.0
3.53
10.2
10.0
10.1
10.0
3.52
10.2
10.1
10.0
10.1
3.54
10.2
10.1
10.0
10.0
3.56
10.2
10.0
10.0
10.0
2.74
10.2
10.0
10.0
10.0
4.33
10.2
10.0
10.0
10.0
3.54
10.2
10.0
10.0
10.0
3.54
10.2
10.0
10.0
10.0
3.53
10.2
10.0
10.0
10.0
3.54
10.2
10.0
10.0
10.0
3.55
10.2
10.0
10.0
10.0
3.54
10.2
10.0
10.0
10.0
3.54
10.2
10.0
10.0
10.0
3.53
10.2
10.1
10.0
10.0
2.29
10.2
10.0
10.0
10.0
4.80
