10.2
10.0
10.0
10.0
3.56
1.24
1.25
1.24
1.24
1.25
10.2
10.0
10.0
10.0
3.73
1.24
1.24
1.25
1.23
1.25
10.2
10.0
10.1
10.0
3.51
1.25
1.25
1.24
1.24
1.25
10.2
10.0
10.0
10.0
3.73
1.25
1.23
1.24
1.23
1.25
10.2
10.0
10.0
10.0
3.72
1.25
1.24
1.25
1.24
1.24
10.2
10.0
10.0
10.0
3.53
1.23
1.25
1.25
1.24
1.24
10.2
10.1
10.0
10.1
3.75
1.23
1.25
1.25
1.24
1.25
10.2
10.0
10.0
10.1
3.52
1.23
1.24
1.25
1.24
1.24
10.2
10.1
10.0
10.0
3.52
1.24
1.23
1.26
1.22
1.27
10.2
10.0
10.0
10.0
3.53
1.25
1.24
1.25
1.24
1.25
10.2
10.0
10.0
10.0
3.48
1.22
1.25
1.24
1.25
1.25
10.2
10.0
10.0
10.0
3.54
1.24
1.24
1.24
1.25
1.25
10.2
10.0
10.0
10.0
3.52
1.24
1.26
1.23
1.25
1.23
10.2
10.0
10.0
10.0
3.49
1.27
1.24
1.25
1.25
1.24
10.2
10.0
10.0
10.0
3.48
1.25
1.25
1.24
1.23
1.24
10.2
10.0
10.0
10.0
3.50
1.24
1.24
1.25
1.23
1.26
10.2
10.0
10.0
10.0
3.49
1.24
1.25
1.25
1.24
1.25
10.2
10.1
10.0
10.0
3.54
1.24
1.25
1.24
1.24
1.25
10.2
10.0
10.0
10.0
3.47
1.23
1.25
1.23
1.26
1.23
10.2
10.0
10.1
10.0
3.54
1.24
1.25
1.24
1.26
1.24
10.2
10.1
10.0
10.0
3.54
1.24
1.25
1.25
1.25
1.24
10.2
10.0
10.0
10.0
3.53
1.24
1.25
1.25
1.24
1.24
10.2
10.0
10.0
10.0
3.55
1.25
1.24
1.24
1.24
1.26
10.2
10.0
10.0
10.0
3.53
1.24
1.25
1.25
1.24
1.24
10.2
10.0
10.1
10.0
2.97
1.27
1.23
1.24
1.25
1.25
10.2
10.0
10.0
10.0
4.08
1.24
1.24
1.25
1.24
1.24
10.2
10.0
10.0
10.0
3.54
1.23
1.25
1.24
1.25
1.23
10.2
10.0
10.0
10.0
3.52
1.26
1.25
1.23
1.24
1.23
10.2
10.0
10.0
10.0
3.49
1.25
1.23
1.25
1.24
1.25
