9.77
9.85
9.93
4.14
1.33
1.32
1.33
1.34
1.32
1.33
10.1
9.94
9.98
4.70
1.34
1.32
1.32
1.33
1.34
1.32
10.1
9.91
9.92
5.30
1.32
1.34
1.33
1.33
1.33
1.33
10.1
9.93
9.91
5.88
1.35
1.32
1.32
1.34
1.32
1.34
10.1
9.94
9.93
6.47
1.34
1.32
1.34
1.35
1.30
1.34
10.0
9.72
9.93
7.15
1.33
1.35
1.32
1.32
1.33
1.34
10.1
9.91
9.92
7.80
1.28
1.33
1.32
1.34
1.31
1.34
10.0
9.93
9.90
8.44
1.20
1.33
1.33
1.32
1.34
1.31
10.1
9.91
9.93
9.16
1.10
1.33
1.34
1.31
1.33
1.32
10.1
9.78
9.92
9.94
1.00
1.34
1.32
1.34
1.32
1.33
10.0
9.81
9.90
9.84
1.59
1.34
1.32
1.35
1.32
1.34
10.1
9.93
9.91
9.91
2.32
1.33
1.32
1.34
1.33
1.32
10.1
9.88
9.96
9.93
3.02
1.32
1.35
1.33
1.31
1.36
10.0
9.92
9.92
9.93
3.70
1.33
1.33
1.33
1.32
1.34
10.1
9.94
9.91
4.28
1.35
1.33
1.32
1.34
1.29
1.35
10.0
9.92
9.91
5.05
1.33
1.34
1.32
1.33
1.33
1.32
10.1
9.94
9.91
5.64
1.32
1.34
1.32
1.32
1.35
1.31
10.1
9.92
9.93
6.25
1.31
1.34
1.33
1.33
1.33
1.33
10.1
9.90
9.91
6.90
1.34
1.33
1.32
1.35
1.30
1.34
10.0
9.92
9.92
7.63
1.32
1.32
1.33
1.33
1.32
1.34
10.1
9.74
9.70
8.48
1.17
1.34
1.34
1.30
1.33
1.33
10.1
9.94
9.94
9.25
1.09
1.34
1.33
1.33
1.33
1.32
10.1
9.82
9.91
9.90
1.02
1.33
1.33
1.33
1.33
1.32
10.1
9.90
9.88
9.92
1.66
1.33
1.32
1.33
1.34
1.32
10.1
9.93
9.92
9.92
2.45
1.32
1.34
1.32
1.34
1.33
10.1
9.90
9.92
9.91
3.02
1.34
1.32
1.33
1.33
1.32
10.1
9.91
9.90
9.80
3.70
1.33
1.34
1.30
1.34
1.32
9.97
9.76
9.94
4.88
1.31
1.34
1.33
1.33
1.33
1.32
10.1
9.93
9.94
5.49
1.32
1.33
1.33
1.32
1.34
1.34
