10.0
9.93
9.93
5.76
1.33
9.96
9.85
9.93
6.29
1.31
10.1
9.92
9.92
6.85
1.34
10.1
9.93
9.95
7.43
1.32
10.1
9.85
9.78
8.05
1.26
9.94
9.93
9.93
8.65
1.18
10.1
9.89
9.93
9.30
1.08
10.1
9.94
9.94
9.93
1.00
10.1
9.93
9.94
9.92
1.55
10.1
9.92
9.91
9.90
2.02
10.1
9.92
9.94
9.92
2.64
10.1
9.95
9.93
9.90
3.33
9.98
9.92
9.95
3.83
1.33
10.1
9.92
9.95
4.29
1.34
10.1
9.90
9.93
4.94
1.35
10.1
9.92
9.93
5.45
1.33
10.1
9.93
9.95
5.98
1.34
10.0
9.92
9.93
6.47
1.32
10.1
9.90
9.94
7.03
1.32
10.1
9.92
9.93
7.57
1.32
10.1
9.91
9.90
8.28
1.25
10.1
9.92
9.94
8.88
1.15
10.1
9.91
9.94
9.47
1.08
10.1
9.94
9.92
9.93
1.15
9.96
9.94
9.92
9.92
1.72
10.1
9.92
9.93
9.93
2.19
10.1
9.91
9.93
9.95
2.68
10.1
9.92
9.95
9.93
3.30
9.89
9.85
9.91
9.93
3.84
10.1
9.89
9.93
4.33
1.35
10.1
9.72
9.94
5.08
1.30
10.1
9.98
9.93
5.58
1.34
10.0
9.68
9.88
6.12
1.34
10.1
9.93
9.92
6.60
1.32
10.1
9.89
9.93
7.17
1.31
10.0
9.95
9.90
7.66
1.31
10.0
9.77
9.91
8.22
1.20
10.1
9.91
9.92
8.68
1.15
10.1
9.88
9.94
9.44
1.08
10.1
9.87
9.91
9.92
1.04
9.92
9.94
9.96
9.93
1.55
10.1
9.92
9.91
9.91
2.02
10.1
9.90
9.96
9.73
2.54
10.0
9.92
9.88
9.94
3.09
10.1
9.81
9.78
9.93
3.83
